 
note Table 3.2 data

    1   12.60   2.449   11.39   2.242
    2   13.12   2.394    9.98   2.412
    3   14.23   2.285    9.37   2.480
    4   14.86   2.166   12.24   2.059
    5   13.92   2.286    9.20   2.355
    6   14.36   2.209   12.17   2.009
    7   15.07   2.113   12.01   1.949
    8   14.07   2.301   12.50   2.079
    9   14.53   2.243    8.56   2.474
   10   15.60   2.169   10.28   2.268
   11   12.27   2.383   11.28   2.170
   12   14.36   2.311    8.79   2.528
   13   14.50   2.339   11.92   2.021
   14   15.52   2.251    9.95   2.391
   15   13.46   2.361   11.30   2.185
   16   11.85   2.584    9.88   2.338
   17   15.31   2.007    9.82   2.303
   18   13.98   2.180    8.90   2.514
   19   15.28   2.099   10.97   2.262
   20   14.26   2.275    9.28   2.276
   21   14.11   2.320   11.37   2.027
   22   14.87   2.191                
   23   14.82   2.247                
   24   15.37   2.059                
   25   13.49   2.394                
   26   15.04   2.154                
   27   13.67   2.274                
   28   12.88   2.383                
 
