
note Equation (23.3.3) data in order X0, X1, X2, X3 and Y
 
 
    1    1    1    0    0    242
    2    1    1    0    0    245
    3    1    1    0    0    244
    4    1    1    0    0    248
    5    1    1    0    0    247
    6    1    1    0    0    248
    7    1    1    0    0    242
    8    1    1    0    0    244
    9    1    1    0    0    246
   10    1    1    0    0    242
   11    1    0    1    0    248
   12    1    0    1    0    246
   13    1    0    1    0    245
   14    1    0    1    0    247
   15    1    0    1    0    248
   16    1    0    1    0    250
   17    1    0    1    0    247
   18    1    0    1    0    246
   19    1    0    1    0    243
   20    1    0    1    0    244
   21    1    0    0    1    246
   22    1    0    0    1    248
   23    1    0    0    1    250
   24    1    0    0    1    252
   25    1    0    0    1    248
   26    1    0    0    1    250
   27    1    0    0    1    246
   28    1    0    0    1    248
   29    1    0    0    1    245
   30    1    0    0    1    250
 
