note Data for exercise 3ii in order Y and X
 
    1   5.00    349
    2   4.86    333
    3   4.75    301
    4   4.64    301
    5   4.66    302
    6   4.62    824
    7   4.55    710
    8   4.47    301
    9   4.43    301
   10   4.44    310
   11   4.43    702
   12   4.41    224
   13   4.38    333
   14   4.29    314
   15   4.25    201
   16   4.22    424
   17   4.21    424
   18   4.15    301
   19   4.07    201
   20   4.08    301
   21   4.00    224
   22   4.00    301
   23   4.00    301
   24   3.92    201
   25   3.88    201
   26   3.86    312
   27   3.74    224
   28   3.69    224
   29   3.57    224
   30   3.27    301
   31   2.96    224
   32   2.67    224
 
