note Data for exercise 13d in order X1, X2, X3 and Y
 
    1  -1.00000  -1.00000  -1.00000   34.727
    2   1.00000  -1.00000  -1.00000   38.917
    3  -1.00000   1.00000  -1.00000   44.907
    4   1.00000   1.00000  -1.00000   24.641
    5  -1.00000  -1.00000   1.00000   24.658
    6   1.00000  -1.00000   1.00000   45.636
    7  -1.00000   1.00000   1.00000   33.702
    8   1.00000   1.00000   1.00000    5.374
    9   1.41421   0.00000   0.00000   33.414
   10   1.41421   0.00000   0.00000   34.453
   11  -1.41421   0.00000   0.00000   38.540
   12  -1.41421   0.00000   0.00000   39.201
   13   0.00000   1.41421   0.00000   40.393
   14   0.00000   1.41421   0.00000   38.335
   15   0.00000   1.41421   0.00000   40.687
   16   0.00000   1.41421   0.00000   40.092
   17   0.00000   0.00000   1.41421   23.869
   18   0.00000   0.00000   1.41421   25.823
   19   0.00000   0.00000  -1.41421   33.727
   20   0.00000   0.00000  -1.41421   33.068
   21   0.00000   0.00000   0.00000   43.832
   22   0.00000   0.00000   0.00000   44.562
   23   0.00000   0.00000   0.00000   42.165
   24   0.00000   0.00000   0.00000   41.187
 
