note Data for exercise 13e in order T and M
 
    1     50    11.5
    2     60     8.2
    3     60     0.5
    4     70    14.1
    5     70    17.2
    6     80    33.5
    7     80    28.8
    8     90    15.6
    9     90    24.4
   10     90    33.5
   11     95    38.8
   12    100    47.7
   13    100    58.0
   14    100    36.1
   15    105    47.7
   16    105    65.5
   17    110    58.0
   18    110    47.7
   19    110    33.5
   20    115    69.5
   21    115    69.5
   22    115    47.7
   23    120    87.2
   24    120    51.0
   25    120    33.5
   26    125    47.7
   27    130    92.0
   28    130    87.2
   29    135    58.0
   30    135    47.7
   31    140    73.2
   32    140    58.0
   33    145    47.7
   34    150   118.9
   35    150    58.0
   36    155   143.9
   37    155    87.2
   38    160   143.9
   39    160    73.2
   40    160    73.7
   41    165    97.0
   42    170   112.3
   43    180   113.2
 
