note Data for exercise 13f in order X1, X2 and Y
 
    1      10      10      2040
    2     100      10      7350
    3    1000      10     12210
    4   10000      10     23580
    5      10     100     18200
    6     100     100        10
    7    1000     100      2960
    8   10000     100    108040
    9      10    1000     10370
   10     100    1000      1150
   11    1000    1000     23580
   12   10000    1000    296120
   13      10   10000      9040
   14     100   10000      1960
   15    1000   10000     96980
   16   10000   10000   1004020
 
