note Data for exercise 14b in order Y, Tiller dummy Z1, Tiller
note dummy Z2, Variety dummy Z3, N Rate and X
 
    1    370    1    0    1      0    4.2
    2    659    1    0    1     50    7.2
    3    935    1    0    1    270    9.8
    4    390    1    0    0      0    3.6
    5    753    1    0    0     50    7.6
    6    733    1    0    0    270   10.3
    7    182    0    1    1      0    3.1
    8    417    0    1    1     50    5.2
    9    686    0    1    1    270    7.8
   10    188    0    1    0      0    2.8
   11    632    0    1    0     50    6.0
   12    538    0    1    0    270    7.7
   13     27    0    0    1      0    2.0
   14    141    0    0    1     50    2.8
   15    262    0    0    1    270    3.6
   16     34    0    0    0      0    2.7
   17    222    0    0    0     50    3.1
   18    242    0    0    0    270    4.4
 
