note Data for exercise 14j in order W/H and Age
 
    1   0.46    0.5
    2   0.47    1.5
    3   0.56    2.5
    4   0.61    3.5
    5   0.61    4.5
    6   0.67    5.5
    7   0.68    6.5
    8   0.78    7.5
    9   0.69    8.5
   10   0.74    9.5
   11   0.77   10.5
   12   0.78   11.5
   13   0.75   12.5
   14   0.80   13.5
   15   0.78   14.5
   16   0.82   15.5
   17   0.77   16.5
   18   0.80   17.5
   19   0.81   18.5
   20   0.78   19.5
   21   0.87   20.5
   22   0.80   21.5
   23   0.83   22.5
   24   0.81   23.5
   25   0.88   24.5
   26   0.81   25.5
   27   0.83   26.5
   28   0.82   27.5
   29   0.82   28.5
   30   0.86   29.5
   31   0.82   30.5
   32   0.85   31.5
   33   0.88   32.5
   34   0.86   33.5
   35   0.91   34.5
   36   0.87   35.5
   37   0.87   36.5
   38   0.87   37.5
   39   0.85   38.5
   40   0.90   39.5
   41   0.87   40.5
   42   0.91   41.5
   43   0.90   42.5
   44   0.93   43.5
   45   0.89   44.5
   46   0.89   45.5
   47   0.92   46.5
   48   0.89   47.5
   49   0.92   48.5
   50   0.96   49.5
   51   0.92   50.5
   52   0.91   51.5
   53   0.95   52.5
   54   0.93   53.5
   55   0.93   54.5
   56   0.98   55.5
   57   0.95   56.5
   58   0.97   57.5
   59   0.97   58.5
   60   0.96   59.5
   61   0.97   60.5
   62   0.94   61.5
   63   0.96   62.5
   64   1.03   63.5
   65   0.99   64.5
   66   1.01   65.5
   67   0.99   66.5
   68   0.99   67.5
   69   0.97   68.5
   70   1.01   69.5
   71   0.99   70.5
   72   1.04   71.5
 
