note Data for exercise 15c in order X1, X2, ... , X5 and Y
 
    1    1    1    1    0    1    246
    2    1    0    1    0    1    252
    3    1    1    1    0    1    253
    4    0    1    1    1    0    164
    5    1    1    0    0    1    203
    6    0    1    1    1    0    173
    7    1    1    0    0    1    210
    8    1    0    1    0    1    247
    9    0    1    0    1    0    120
   10    0    1    1    1    0    171
   11    0    1    1    1    0    167
   12    0    0    1    1    0    172
   13    1    1    1    0    1    247
   14    1    1    1    0    1    252
   15    1    0    1    0    1    248
   16    0    1    1    1    0    169
   17    0    1    0    0    0    104
   18    0    1    1    1    0    166
   19    0    1    1    1    0    168
   20    0    1    1    0    0    148
 
