note Data for exercise 15e in order Y, X1, X2, ... , X7
 
    1    998      7    0    0    0    0    0    0
    2   1015     14    1    1    0    0    0    0
    3   1028     18    1    1    0    1    0    0
    4   1250     19    1    1    0    0    0    0
    5   1028     19    0    1    0    1    0    0
    6   1028     19    0    0    0    0    0    0
    7   1018     27    0    0    0    0    0    1
    8   1072     30    0    0    0    0    0    0
    9   1290     30    1    1    0    0    0    0
   10   1204     30    0    1    0    0    0    0
   11   1352     31    0    1    2    0    1    0
   12   1204     31    0    0    0    1    0    0
   13   1104     38    0    0    0    0    0    0
   14   1118     41    1    1    0    0    0    0
   15   1127     42    0    0    0    0    0    0
   16   1259     42    1    1    0    1    0    0
   17   1127     42    1    1    0    0    0    0
   18   1127     42    0    0    0    1    0    0
   19   1095     47    0    0    0    0    0    1
   20   1113     52    0    0    0    0    0    1
   21   1462     52    0    1    2    0    1    0
   22   1182     54    1    1    0    0    0    0
   23   1404     54    0    0    0    1    0    0
   24   1182     54    0    0    0    0    0    0
   25   1594     55    1    1    2    1    1    0
   26   1459     66    0    0    0    1    0    0
   27   1237     67    1    1    0    1    0    0
   28   1237     67    0    1    0    1    0    0
   29   1496     75    0    1    0    0    0    0
   30   1424     78    1    1    0    1    0    0
   31   1424     79    0    1    0    0    0    0
   32   1347     91    1    1    0    1    0    0
   33   1343     92    0    0    0    0    0    1
   34   1310     94    0    0    0    1    0    0
   35   1814    103    0    0    2    1    1    0
   36   1534    103    0    0    0    0    0    0
   37   1430    103    1    1    0    0    0    0
   38   1439    111    1    1    0    1    0    0
   39   1946    114    1    1    3    1    1    0
   40   2216    114    1    1    4    1    1    0
   41   1834    114    1    1    4    1    1    1
   42   1416    117    0    0    0    0    0    1
   43   2052    139    1    1    0    1    0    0
   44   2087    140    0    0    2    1    1    1
   45   2264    154    0    0    2    1    1    1
   46   2201    158    1    1    4    0    1    1
   47   2992    159    1    1    5    1    1    1
   48   1695    162    0    1    0    0    0    0
   49   1792    167    1    1    0    1    0    0
   50   1690    173    0    0    0    0    0    1
   51   1827    174    0    0    0    0    0    1
   52   2604    175    1    1    2    1    1    0
   53   1720    199    0    1    0    0    0    0
   54   1720    209    0    0    0    0    0    0
   55   2159    209    0    1    4    1    0    0
   56   1852    210    0    1    0    0    0    0
   57   2104    213    1    1    0    1    0    0
   58   1852    220    0    0    0    0    0    1
   59   1852    222    0    0    0    0    0    0
   60   2210    222    1    1    0    0    0    0
   61   2266    223    0    1    0    0    0    0
   62   2027    223    1    1    0    0    0    0
   63   1852    227    0    0    0    1    0    0
   64   1852    232    0    0    0    0    0    1
   65   1995    235    0    0    0    0    0    1
   66   2616    245    1    1    3    1    1    0
   67   2324    253    1    1    0    1    0    0
   68   1852    257    0    1    0    0    0    1
   69   2054    260    0    0    0    0    0    0
   70   2617    284    1    1    3    1    1    0
   71   1948    287    1    1    0    0    0    0
   72   1720    290    0    1    0    0    0    1
   73   2604    308    1    1    2    1    1    0
   74   1852    309    1    1    0    1    0    1
   75   1942    319    0    0    0    1    0    0
   76   2027    325    1    1    0    0    0    0
   77   1942    326    1    1    0    1    0    0
   78   1720    329    1    1    0    1    0    0
   79   2048    337    0    0    0    0    0    0
   80   2334    346    1    1    2    1    1    1
   81   1720    335    0    0    0    0    0    1
   82   1942    357    1    1    0    0    0    0
   83   2117    380    1    1    0    0    0    1
   84   2742    387    1    1    2    1    1    1
   85   2740    403    1    1    2    1    1    1
   86   1942    406    1    1    0    1    0    0
   87   2266    437    0    1    0    0    0    0
   88   2436    453    0    1    0    0    0    0
   89   2067    458    0    1    0    0    0    0
   90   2000    464    1    1    2    1    1    0
 
