note Data for exercise 15f in order X1, X2, ... , X5 and Y
 
    1    573   1059   46.5   53.8   84.1   0.534
    2    651   1356   52.7   54.5   88.7   0.535
    3    606   1273   49.4   52.1   92.0   0.570
    4    630   1151   48.9   50.3   87.9   0.528
    5    547   1135   53.1   51.9   91.5   0.548
    6    557   1236   54.9   55.2   91.4   0.555
    7    489   1231   56.2   45.5   82.4   0.481
    8    685   1564   56.6   44.3   91.3   0.516
    9    536   1182   59.2   46.4   85.4   0.475
   10    685   1564   63.1   56.4   91.4   0.486
   11    664   1588   50.6   48.1   86.7   0.554
   12    703   1335   51.9   48.4   81.2   0.519
   13    653   1395   62.5   51.9   89.2   0.492
   14    586   1114   50.5   56.5   88.9   0.517
   15    534   1143   52.1   57.0   88.9   0.502
   16    523   1320   50.5   61.2   91.9   0.508
   17    580   1249   54.6   60.8   95.4   0.520
   18    448   1028   52.2   53.4   91.8   0.506
   19    476   1057   42.9   53.2   92.9   0.595
   20    528   1057   42.4   56.6   90.0   0.568
 
