note Data for exercise 15k in order Y1, Y2, X1, X2, X3 and X4
 
    1   0.909   0.871   1.287   0.984   0.987   1.046
    2   1.252   1.220   1.281   1.078   1.064   1.081
    3   0.947   0.975   0.787   1.061   1.007   1.051
    4   1.022   1.021   0.796   1.013   1.012   1.046
    5   1.044   1.002   1.392   1.028   1.029   1.036
    6   0.905   0.890   0.893   0.969   0.993   1.020
    7   1.219   1.213   1.400   1.057   1.047   1.057
    8   0.923   0.918   0.721   1.001   1.024   1.034
    9   1.001   1.014   1.032   0.996   1.003   1.014
   10   0.916   0.914   0.685   0.972   0.993   1.013
   11   1.173   1.170   1.291   1.046   1.027   1.037
   12   0.938   0.952   1.170   1.004   1.001   1.007
   13   0.965   0.946   0.817   1.002   1.014   1.008
   14   1.106   1.096   1.231   1.049   1.032   1.024
   15   1.011   0.999   1.086   1.023   1.020   1.030
   16   1.080   1.093   1.001   1.035   1.053   1.029
 
