note Data for exercise 15p in order X1, X2, X3, X4, X5 and Y
 
    1   -1   -1   -1   -1   -1    29.2
    2    1   -1   -1   -1    1    23.0
    3   -1    1   -1   -1    1    37.0
    4    1    1   -1   -1   -1   139.7
    5   -1   -1    1   -1    1    23.3
    6    1   -1    1   -1   -1    38.3
    7   -1    1    1   -1   -1    42.6
    8    1    1    1   -1    1   141.4
    9   -1   -1   -1    1    1    22.4
   10    1   -1   -1    1   -1    37.2
   11   -1    1   -1    1   -1    31.3
   12    1    1   -1    1    1    48.6
   13   -1   -1    1    1   -1    22.9
   14    1   -1    1    1    1    36.2
   15   -1    1    1    1    1    33.6
   16    1    1    1    1   -1   172.6
 
