note Data for exercise 23g in order Level, Tube Number and Y
note Original data
 
    1    1    1   78.4
    2    1    2   84.5
    3    1    3   62.1
    4    2    1   10.6
    5    2    2   77.5
    6    2    3   94.4
    7    3    1   62.7
    8    3    2    4.4
    9    3    3   24.8
   10    4    1   92.5
   11    4    2   17.5
   12    4    3    0.9
   13    5    1   11.6
   14    5    2    0.9
   15    5    3   20.4
 

note Data for exercise 23g in order  X1, X2, ..., X6 and Y
note Original data
    1    1    0    1    0    0    0   78.4
    2    0    1    1    0    0    0   84.5
    3    0    0    1    0    0    0   62.1
    4    1    0    0    1    0    0   10.6
    5    0    1    0    1    0    0   77.5
    6    0    0    0    1    0    0   94.4
    7    1    0    0    0    1    0   62.7
    8    0    1    0    0    1    0    4.4
    9    0    0    0    0    1    0   24.8
   10    1    0    0    0    0    1   92.5
   11    0    1    0    0    0    1   17.5
   12    0    0    0    0    0    1    0.9
   13    1    0    0    0    0    0   11.6
   14    0    1    0    0    0    0    0.9
   15    0    0    0    0    0    0   20.4
 


note Data for exercise 23g in order Level, Tube Number and Y
note Rearranged data
 
    1    1    1   78.4
    2    1    2   84.5
    3    1    3   62.1
    4    2    1   92.5
    5    2    2   77.5
    6    2    3   94.4
    7    3    1   62.7
    8    3    2   20.4
    9    3    3   24.8
   10    4    1   10.6
   11    4    2   17.5
   12    4    3   11.6
   13    5    1    0.9
   14    5    2    0.9
   15    5    3    4.4
 
 
note Data for exercise 23g in order  X1, X2, ..., X6 and Y
note Rearranged data
    1    1    0    1    0    0    0   78.4
    2    0    1    1    0    0    0   84.5
    3    0    0    1    0    0    0   62.1
    4    1    0    0    1    0    0   92.5
    5    0    1    0    1    0    0   77.5
    6    0    0    0    1    0    0   94.4
    7    1    0    0    0    1    0   62.7
    8    0    1    0    0    1    0   20.4
    9    0    0    0    0    1    0   24.8
   10    1    0    0    0    0    1   10.6
   11    0    1    0    0    0    1   17.5
   12    0    0    0    0    0    1   11.6
   13    1    0    0    0    0    0    0.9
   14    0    1    0    0    0    0    0.9
   15    0    0    0    0    0    0    4.4
 
