id   p   f   Y
    1     0     0     26
    2     0    12     38
    3     0    24     50
    4     0    36     76
    5     0    48    108
    6     0    60    157
    7    10     0     17
    8    10    12     26
    9    10    24     37
   10    10    36     53
   11    10    48     83
   12    10    60    124
   13    20     0     13
   14    20    12     20
   15    20    24     27
   16    20    36     37
   17    20    48     57
   18    20    60     87
   19    30    12     15
   20    30    24     22
   21    30    36     27
   22    30    48     41
   23    30    60     63
