id y x
    1   1905   1495
    2   1756   1141
    3   1488   1090
    4   1139    814
    5    927    764
    6    825    747
    7   1102    691
    8   1186    556
    9    702    544
   10    524    536
   11    814    527
   12    814    508
   13    944    487
   14    704    474
   15    709    442
   16    607    413
   17    696    411
   18    543    396
   19    509    387
   20    455    384
   21   1186    367
   22    548    348
   23    408    344
   24    453    343
   25    559    342
   26    483    338
   27    441    333
   28    428    324
   29    214    322
   30    378    302
   31    431    291
   32    440    285
   33    321    284
   34    342    282
   35    338    270
   36    401    264
   37    320    264
   38    375    263
   39    346    255
   40    347    252
   41    456    250
   42    340    246
   43    326    236
   44    301    233
   45    496    232
   46    411    232
   47    321    230
   48    504    229
