id y x 
    1   0.971     3.0
    2   0.979     4.7
    3   0.982     8.3
    4   0.971     9.3
    5   0.957     9.9
    6   0.961    11.0
    7   0.956    12.3
    8   0.972    12.5
    9   0.889    12.6
   10   0.961    15.9
   11   0.982    16.7
   12   0.975    18.8
   13   0.942    18.8
   14   0.932    18.9
   15   0.908    21.7
   16   0.970    21.9
   17   0.985    22.8
   18   0.933    24.2
   19   0.858    25.8
   20   0.987    30.6
   21   0.958    36.2
   22   0.909    39.8
   23   0.859    44.3
   24   0.863    46.8
   25   0.811    46.8
   26   0.877    58.1
   27   0.798    62.3
   28   0.855    70.6
   29   0.788    71.1
   30   0.821    71.3
   31   0.830    83.2
   32   0.718    83.6
   33   0.642    99.5
   34   0.658   111.2
 
