id x1 x2 x3 x4 y
    1    20    50    75   15    27
    2    27    55    60   20    23
    3    22    62    68   16    18
    4    27    55    60   20    26
    5    24    75    72    8    23
    6    30    62    73   18    27
    7    32    79    71   11    30
    8    24    75    72    8    23
    9    22    62    68   16    22
   10    27    55    60   20    24
   11    40    90    78   32    16
   12    32    79    71   11    28
   13    50    84    72   12    31
   14    40    90    78   32    22
   15    20    50    75   15    24
   16    50    84    72   12    31
   17    30    62    73   18    29
   18    27    55    60   20    22
