id x1 x2 x3 y 
    1   0.0174    5300   0.108   25.4
    2   0.0630    5400   0.107   31.6
    3   0.0622    8300   0.107   25.7
    4   0.0118   10800   0.106   17.4
    5   0.1040    4600   0.102   38.2
    6   0.0118   11300   0.105   18.2
    7   0.0122    5800   0.105   26.5
    8   0.0122    8000   0.100   19.3
    9   0.0408   10000   0.106   22.3
   10   0.0408    6600   0.105   26.4
   11   0.0630    8700   0.104   25.8
   12   0.0408    4400   0.104   32.2
   13   0.0415    7600   0.106   25.1
   14   0.1010    4800   0.106   39.7
   15   0.0170    3100   0.106   35.6
   16   0.0412    9300   0.105   23.5
   17   0.0170    7700   0.098   22.1
   18   0.0170    5300   0.099   26.5
   19   0.1010    5700   0.098   39.7
   20   0.0622    6200   0.102   31.5
   21   0.0622    7700   0.102   26.9
   22   0.0170   10200   0.100   18.1
   23   0.0118    4800   0.102   28.4
   24   0.0408    6600   0.102   27.3
   25   0.0622    8300   0.102   25.8
   26   0.0170    7700   0.102   23.1
   27   0.0408    9000   0.613   23.4
   28   0.0170   10100   0.619   18.1
   29   0.0408    5300   0.671   30.9
   30   0.0622    8000   0.624   25.7
   31   0.1010    7300   0.613   29.0
   32   0.0118    6400   0.328   22.0
   33   0.0170    8000   0.341   18.8
   34   0.0118    9700   1.845   17.9
   35   0.0408    6300   1.940   28.4
 
