id system x0 x1 x2 x3 
    1    a    1    1    0   -1
    2    a    1    2    0   -1
    3    a    1    3    0   -1
    4    a    1    4    0   -1
    5    a    1    5    0   -1
    6    a    1    0    0    0
    7    a    1    0    1    0
    8    a    1    0    2    0
    9    a    1    0    3    0
   10    a    1    0    4    0
    1    b    1    1    0    0
    2    b    1    2    0    0
    3    b    1    3    0    0
    4    b    1    4    0    0
    5    b    1    5    0    0
    6    b    1    5    1    1
    7    b    1    5    2    1
    8    b    1    5    3    1
    9    b    1    5    4    1
   10    b    1    5    5    1
