note See file 22.2 for the orthogonal polynomials for n<13
note Data for exercise 22a in order A and B and the
note appropriate orthogonal polynomials
 
    1   1.93     1    -5    15   -30     6    -3    15
    2   0.20     1    -4     6     6    -6     6   -48
    3   2.55     1    -3    -1    22    -6     1    29
    4   4.31     1    -2    -6    23    -1    -4    36
    5   8.51     1    -1    -9    14     4    -4   -12
    6   9.20     1     0   -10     0     6     0   -40
    7   5.10     1     1    -9   -14     4     4   -12
    8   3.46     1     2    -6   -23    -1     4    36
    9   0.99     1     3    -1   -22    -6    -1    29
   10   2.33     1     4     6     6    -6    -6   -48
   11   3.37     1     5    15    30     6     3    15
 
    1   2.17     1    -5    15   -30     6    -3    15
    2  -0.43     1    -4     6     6    -6     6   -48
    3  -0.72     1    -3    -1    22    -6     1    29
    4  -1.81     1    -2    -6    23    -1    -4    36
    5   5.48     1    -1    -9    14     4    -4   -12
    6   4.46     1     0   -10     0     6     0   -40
    7   4.37     1     1    -9   -14     4     4   -12
    8  -6.09     1     2    -6   -23    -1     4    36
    9  -9.29     1     3    -1   -22    -6    -1    29
   10   2.44     1     4     6     6    -6    -6   -48
   11   2.20     1     5    15    30     6     3    15
 
