id p1 p2 p3 p4 p5 p6 y 
    1   -19    57   -969   1938  -1938   1938    141
    2   -17    39   -357   -102   1122  -2346    144
    3   -15    23     85  -1122   1802  -1870    148
    4   -13     9    377  -1402   1222      6    150
    5   -11    -3    539  -1187    187   1497    158
    6    -9   -13    591   -687   -771   1931    161
    7    -7   -21    553    -77  -1351   1353    166
    8    -5   -27    445    503  -1441    195    170
    9    -3   -31    287    948  -1076   -988    175
   10    -1   -33     99   1188   -396  -1716    181
   11     1   -33    -99   1188    396  -1716    189
   12     3   -31   -287    948   1076   -988    194
   13     5   -27   -445    503   1441    195    196
   14     7   -21   -553    -77   1351   1353    206
   15     9   -13   -591   -687    771   1931    218
   16    11    -3   -539  -1187   -187   1497    229
   17    13     9   -377  -1402  -1222      6    234
   18    15    23    -85  -1122  -1802  -1870    242
   19    17    39    357   -102  -1122  -2346    247
   20    19    57    969   1938   1938   1938    257
