id time weight_diff p0 p1 p2 p3 p4 p5 p6
    1    0.0   0.21   1    -9     6   -42    18    -6     3 
    2    0.5  -1.46   1    -7     2    14   -22    14   -11
    3    1.0  -3.04   1    -5    -1    35   -17    -1    10
    4    1.5  -3.21   1    -3    -3    31     3   -11     6
    5    2.0  -5.04   1    -1    -4    12    18    -6    -8
    6    2.5  -5.37   1     1    -4   -12    18     6    -8
    7    3.0  -6.03   1     3    -3   -31     3    11     6
    8    3.5  -7.21   1     5    -1   -35   -17     1    10
    9    4.0  -7.46   1     7     2   -14   -22   -14   -11
   10    4.5  -7.96   1     9     6    42    18     6     3
