id pressure time x1 x2 x3 x4 y 
    1    10    1    1    0    1    0   45.2
    2    10    1    1    0    1    0   46.0
    3    10    2    1    0    0    1   40.0
    4    10    2    1    0    0    1   39.0
    5    10    3    1    0   -1   -1   35.9
    6    10    3    1    0   -1   -1   34.1
    7    20    1    0    1    1    0   41.8
    8    20    1    0    1    1    0   20.6
    9    20    2    0    1    0    1   27.8
   10    20    2    0    1    0    1   19.0
   11    20    3    0    1   -1   -1   22.5
   12    20    3    0    1   -1   -1   17.7
   13    30    1   -1   -1    1    0   23.5
   14    30    1   -1   -1    1    0   33.1
   15    30    2   -1   -1    0    1   44.6
   16    30    2   -1   -1    0    1   52.2
   17    30    3   -1   -1   -1   -1   42.7
   18    30    3   -1   -1   -1   -1   48.6
