note Data for exercise 23a(a) in order Pressure, Time, Dummies X1,
note X2, X3, X4 and Y
id pressure time x1 x2 x3 x4 y 
    1    10    1    1    0    1    0   45.2
    2    10    1    1    0    1    0   46.0
    3    10    2    1    0    0    1   40.0
    4    10    2    1    0    0    1   39.0
    5    10    3    1    0   -1   -1   35.9
    6    10    3    1    0   -1   -1   34.1
    7    20    1    0    1    1    0   41.8
    8    20    1    0    1    1    0   20.6
    9    20    2    0    1    0    1   27.8
   10    20    2    0    1    0    1   19.0
   11    20    3    0    1   -1   -1   22.5
   12    20    3    0    1   -1   -1   17.7
   13    30    1   -1   -1    1    0   23.5
   14    30    1   -1   -1    1    0   33.1
   15    30    2   -1   -1    0    1   44.6
   16    30    2   -1   -1    0    1   52.2
   17    30    3   -1   -1   -1   -1   42.7
   18    30    3   -1   -1   -1   -1   48.6
 
note Data for exercise 23a(b) in order (Premix speed-5),
note (Finish mix speed-3.5)/2, X1, X2, X3, X4 and
note Y=100(Center height-2)
 
    1    -1    -1    1    0    1    0     4
    2    -1    -1    1    0    1    0    -3
    3    -1     0    1    0    0    1     3
    4    -1     0    1    0    0    1     2
    5    -1     1    1    0   -1   -1    -1
    6    -1     1    1    0   -1   -1    -5
    7     0    -1    0    1    1    0     3
    8     0    -1    0    1    1    0    10
    9     0     0    0    1    0    1     2
   10     0     0    0    1    0    1     2
   11     0     1    0    1   -1   -1     0
   12     0     1    0    1   -1   -1     0
   13     1    -1   -1   -1    1    0    -1
   14     1    -1   -1   -1    1    0   -10
   15     1     0   -1   -1    0    1     1
   16     1     0   -1   -1    0    1     2
   17     1     1   -1   -1   -1   -1     7
   18     1     1   -1   -1   -1   -1     9
 
