id premix finish x1 x2 x3 x4 y
    1    -1    -1    1    0    1    0     4
    2    -1    -1    1    0    1    0    -3
    3    -1     0    1    0    0    1     3
    4    -1     0    1    0    0    1     2
    5    -1     1    1    0   -1   -1    -1
    6    -1     1    1    0   -1   -1    -5
    7     0    -1    0    1    1    0     3
    8     0    -1    0    1    1    0    10
    9     0     0    0    1    0    1     2
   10     0     0    0    1    0    1     2
   11     0     1    0    1   -1   -1     0
   12     0     1    0    1   -1   -1     0
   13     1    -1   -1   -1    1    0    -1
   14     1    -1   -1   -1    1    0   -10
   15     1     0   -1   -1    0    1     1
   16     1     0   -1   -1    0    1     2
   17     1     1   -1   -1   -1   -1     7
   18     1     1   -1   -1   -1   -1     9
