id   level tube x1  x2   x3   x4   x5   x6     y
    1    1    1  1   0    1    0    0    0  78.4
    2    1    2  0   1    1    0    0    0  84.5
    3    1    3  0   0    1    0    0    0  62.1
    4    2    1  1   0    0    1    0    0  10.6
    5    2    2  0   1    0    1    0    0  77.5
    6    2    3  0   0    0    1    0    0  94.4
    7    3    1  1   0    0    0    1    0  62.7
    8    3    2  0   1    0    0    1    0   4.4
    9    3    3  0   0    0    0    1    0  24.8
   10    4    1  1   0    0    0    0    1  92.5
   11    4    2  0   1    0    0    0    1  17.5
   12    4    3  0   0    0    0    0    1   0.9
   13    5    1  1   0    0    0    0    0  11.6
   14    5    2  0   1    0    0    0    0   0.9
   15    5    3  0   0    0    0    0    0  20.4
