note Data for exercise 23h in order Immersions, Matings and Y
 
    1    1    1   0.665
    2    1    2   0.469
    3    1    3   0.284
    4    1    4   0.127
    5    2    1   0.736
    6    2    2   0.504
    7    2    3   0.354
    8    2    4   0.183
    9    3    1   0.782
   10    3    2   0.559
   11    3    3   0.404
   12    3    4   0.195
   13    8    1   0.899
   14    8    2   0.770
   15    8    3   0.577
   16    8    4   0.297
 
note Data for exercise 23h in order Immersions (X1), X2, X3, 
note X2X3 and Y
 
    1    1   -1    1   -1   0.665
    2    1   -1   -1    1   0.469
    3    1    1    1    1   0.284
    4    1    1   -1   -1   0.127
    5    2   -1    1   -1   0.736
    6    2   -1   -1    1   0.504
    7    2    1    1    1   0.354
    8    2    1   -1   -1   0.183
    9    3   -1    1   -1   0.782
   10    3   -1   -1    1   0.559
   11    3    1    1    1   0.404
   12    3    1   -1   -1   0.195
   13    8   -1    1   -1   0.899
   14    8   -1   -1    1   0.770
   15    8    1    1    1   0.577
   16    8    1   -1   -1   0.297
 
