id t y set 
    1     1    82   1
    2     2   112   1
    3     3   153   1
    4     4   163   1
    5     5   176   1
    6     6   192   1
    7     7   200   1
    1     1   0.47   2
    2     2   0.74   2
    3     3   1.17   2
    4     4   1.42   2
    5     5   1.60   2
    6     7   1.84   2
    7     9   2.19   2
    8    11   2.17   2
    1    1    168   3
    2    2    336   3
    3    3    468   3
    4    5    660   3
    5    6    708   3
    6    7    696   3
    1    1     9   4
    2    2     9   4
    3    3    16   4
    4    4    20   4
    5    5    21   4
    6    7    22   4
    1    1    4.3   5
    2    2    8.2   5
    3    3    9.5   5
    4    4   10.4   5
    5    5   12.1   5
    6    7   13.1   5
    1    1    6.8   6
    2    2   12.7   6
    3    3   14.8   6
    4    4   15.4   6
    5    5   17.0   6
    6    7   19.9   6
    1     1    109   7
    2     2    149   7
    3     3    149   7
    4     5    191   7
    5     7    213   7
    6    10    224   7
    1    1    8.3   8
    2    2   10.3   8
    3    3   19.0   8
    4    4   16.0   8
    5    5   15.6   8
    6    7   19.8   8
    1    1   4710   9
    2    2   7080   9
    3    3   8460   9
    4    4   9580   9
