id x0 z1 z2 y
    1    1   -1    1    242
    2    1   -1    1    245
    3    1   -1    1    244
    4    1   -1    1    248
    5    1   -1    1    247
    6    1   -1    1    248
    7    1   -1    1    242
    8    1   -1    1    244
    9    1   -1    1    246
   10    1   -1    1    242
   11    1    0   -2    248
   12    1    0   -2    246
   13    1    0   -2    245
   14    1    0   -2    247
   15    1    0   -2    248
   16    1    0   -2    250
   17    1    0   -2    247
   18    1    0   -2    246
   19    1    0   -2    243
   20    1    0   -2    244
   21    1    1    1    246
   22    1    1    1    248
   23    1    1    1    250
   24    1    1    1    252
   25    1    1    1    248
   26    1    1    1    250
   27    1    1    1    246
   28    1    1    1    248
   29    1    1    1    245
   30    1    1    1    250
