id n p0 p1 p2 p3 p4 p5 p6
    1    3    1   -1    1
    2    3    1    0   -2
    3    3    1    1    1
    1    4    1   -3    1   -1
    2    4    1   -1   -1    3
    3    4    1    1   -1   -3
    4    4    1    3    1    1
    1    5    1   -2    2   -1    1
    2    5    1   -1   -1    2   -4
    3    5    1    0   -2    0    6
    4    5    1    1   -1   -2   -4
    5    5    1    2    2    1    1
    1    6    1   -5    5   -5    1    -1
    2    6    1   -3   -1    7   -3     5
    3    6    1   -1   -4    4    2   -10
    4    6    1    1   -4   -4    2    10
    5    6    1    3   -1   -7   -3    -5
    6    6    1    5    5    5    1     1
    1    7    1   -3    5   -1    3   -1     1
    2    7    1   -2    0    1   -7    4    -6
    3    7    1   -1   -3    1    1   -5    15
    4    7    1    0   -4    0    6    0   -20
    5    7    1    1   -3   -1    1    5    15
    6    7    1    2    0   -1   -7   -4    -6
    7    7    1    3    5    1    3    1     1
    1    8    1   -7    7   -7     7    -7    1
    2    8    1   -5    1    5   -13    23   -5
    3    8    1   -3   -3    7    -3   -17    9
    4    8    1   -1   -5    3     9   -15   -5
    5    8    1    1   -5   -3     9    15   -5
    6    8    1    3   -3   -7    -3    17    9
    7    8    1    5    1   -5   -13   -23   -5
    8    8    1    7    7    7     7     7    1
    1    9    1   -4    28   -14    14    -4     4
    2    9    1   -3     7     7   -21    11   -17
    3    9    1   -2    -8    13   -11    -4    22
    4    9    1   -1   -17     9     9    -9     1
    5    9    1    0   -20     0    18     0   -20
    6    9    1    1   -17    -9     9     9     1
    7    9    1    2    -8   -13   -11     4    22
    8    9    1    3     7    -7   -21   -11   -17
    9    9    1    4    28    14    14     4     4
    1   10    1   -9    6   -42    18    -6     3
    2   10    1   -7    2    14   -22    14   -11
    3   10    1   -5   -1    35   -17    -1    10
    4   10    1   -3   -3    31     3   -11     6
    5   10    1   -1   -4    12    18    -6    -8
    6   10    1    1   -4   -12    18     6    -8
    7   10    1    3   -3   -31     3    11     6
    8   10    1    5   -1   -35   -17     1    10
    9   10    1    7    2   -14   -22   -14   -11
   10   10    1    9    6    42    18     6     3
    1   11    1   -5    15   -30    6   -3    15
    2   11    1   -4     6     6   -6    6   -48
    3   11    1   -3    -1    22   -6    1    29
    4   11    1   -2    -6    23   -1   -4    36
    5   11    1   -1    -9    14    4   -4   -12
    6   11    1    0   -10     0    6    0   -40
    7   11    1    1    -9   -14    4    4   -12
    8   11    1    2    -6   -23   -1    4    36
    9   11    1    3    -1   -22   -6   -1    29
   10   11    1    4     6     6   -6   -6   -48
   11   11    1    5    15    30    6    3    15
    1   12    1   -11    55   -33    33   -33    11
    2   12    1    -9    25     3   -27    57   -31
    3   12    1    -7     1    21   -33    21    11
    4   12    1    -5   -17    25   -13   -29    25
    5   12    1    -3   -29    19    12   -44     4
    6   12    1    -1   -35     7    28   -20   -20
    7   12    1     1   -35    -7    28    20   -20
    8   12    1     3   -29   -19    12    44     4
    9   12    1     5   -17   -25   -13    29    25
   10   12    1     7     1   -21   -33   -21    11
   11   12    1     9    25    -3   -27   -57   -31
   12   12    1    11    55    33    33    33    11
