id v26 logs z
    1   12.60   2.449   1
    2   13.12   2.394   1
    3   14.23   2.285   1
    4   14.86   2.166   1
    5   13.92   2.286   1
    6   14.36   2.209   1
    7   15.07   2.113   1
    8   14.07   2.301   1
    9   14.53   2.243   1
   10   15.60   2.169   1
   11   12.27   2.383   1
   12   14.36   2.311   1
   13   14.50   2.339   1
   14   15.52   2.251   1
   15   13.46   2.361   1
   16   11.85   2.584   1
   17   15.31   2.007   1
   18   13.98   2.180   1
   19   15.28   2.099   1
   20   14.26   2.275   1
   21   14.11   2.320   1
   22   14.87   2.191   1
   23   14.82   2.247   1
   24   15.37   2.059   1
   25   13.49   2.394   1
   26   15.04   2.154   1
   27   13.67   2.274   1
   28   12.88   2.383   1
   30   11.39   2.242   0
   31    9.98   2.412   0
   32    9.37   2.480   0
   33   12.24   2.059   0
   34    9.20   2.355   0
   35   12.17   2.009   0
   36   12.01   1.949   0
   37   12.50   2.079   0
   38    8.56   2.474   0
   39   10.28   2.268   0
   40   11.28   2.170   0
   41    8.79   2.528   0
   42   11.92   2.021   0
   43    9.95   2.391   0
   44   11.30   2.185   0
   45    9.88   2.338   0
   46    9.82   2.303   0
   47    8.90   2.514   0
   48   10.97   2.262   0
   49    9.28   2.276   0
   50   11.37   2.027   0
