id z2 z3 z4 x1 x2 x3 x4 y
    1    0    0    0   0.00   0.25   0.00   0.75    403 
    2    0    0    0   0.25   0.00   0.75   0.00    425
    3    0    0    0   0.00   0.75   0.00   0.25    442
    4    0    0    0   0.75   0.00   0.25   0.00    433
    5    0    0    0   0.00   0.75   0.25   0.00    445
    6    0    0    0   0.25   0.00   0.00   0.75    435
    7    0    0    0   0.00   0.00   0.75   0.25    385
    8    0    0    0   0.75   0.25   0.00   0.00    425
    9    0    0    0   0.25   0.25   0.25   0.25    433
   10    1    0    0   0.00   0.75   0.00   0.25    423
   11    1    0    0   0.25   0.00   0.75   0.00    417
   12    1    0    0   0.00   0.25   0.00   0.75    398
   13    1    0    0   0.75   0.00   0.25   0.00    407
   14    1    0    0   0.00   0.00   0.25   0.75    388
   15    1    0    0   0.25   0.75   0.00   0.00    435
   16    1    0    0   0.00   0.25   0.75   0.00    379
   17    1    0    0   0.75   0.00   0.00   0.25    406
   18    1    0    0   0.25   0.25   0.25   0.25    439
   19    0    1    0   0.00   0.25   0.00   0.75    381
   20    0    1    0   0.25   0.00   0.75   0.00    422
   21    0    1    0   0.00   0.75   0.00   0.25    412
   22    0    1    0   0.75   0.00   0.25   0.00    413
   23    0    1    0   0.00   0.75   0.25   0.00    398
   24    0    1    0   0.25   0.00   0.00   0.75    412
   25    0    1    0   0.00   0.00   0.75   0.25    371
   26    0    1    0   0.75   0.25   0.00   0.00    428
   27    0    1    0   0.25   0.25   0.25   0.25    393
   28    0    0    1   0.00   0.75   0.00   0.25    404
   29    0    0    1   0.25   0.00   0.75   0.00    425
   30    0    0    1   0.00   0.25   0.00   0.75    391
   31    0    0    1   0.75   0.00   0.25   0.00    426
   32    0    0    1   0.00   0.00   0.25   0.75    362
   33    0    0    1   0.25   0.75   0.00   0.00    427
   34    0    0    1   0.00   0.25   0.75   0.00    390
   35    0    0    1   0.75   0.00   0.00   0.25    411
   36    0    0    1   0.25   0.25   0.25   0.25    409
 
