id y x6 x8
    1   10.98    20   35.3
    2   11.13    20   29.7
    3   12.51    23   30.8
    4    8.40    20   58.8
    5    9.27    21   61.4
    6    8.73    22   71.3
    7    6.36    11   74.4
    8    8.50    23   76.7
    9    7.82    21   70.7
   10    9.14    20   57.5
   11    8.24    20   46.4
   12   12.19    21   28.9
   13   11.88    21   28.1
   14    9.57    19   39.1
   15   10.94    23   46.8
   16    9.58    20   48.5
   17   10.09    22   59.3
   18    8.11    22   70.0
   19    6.83    11   70.0
   20    8.88    23   74.5
   21    7.68    20   72.1
   22    8.47    21   58.1
   23    8.86    20   44.6
   24   10.36    20   33.4
   25   11.08    22   28.6
 
 
