 
note Orthogonal polynomial values, orders 0, 1, 2, 3, 4, 5 and 6
note (except that maximum order is n-1)

    1    1   -1    1
    2    1    0   -2
    3    1    1    1
 
 
    1    1   -3    1   -1
    2    1   -1   -1    3
    3    1    1   -1   -3
    4    1    3    1    1
 
 
    1    1   -2    2   -1    1
    2    1   -1   -1    2   -4
    3    1    0   -2    0    6
    4    1    1   -1   -2   -4
    5    1    2    2    1    1
 
 
    1    1   -5    5   -5    1    -1
    2    1   -3   -1    7   -3     5
    3    1   -1   -4    4    2   -10
    4    1    1   -4   -4    2    10
    5    1    3   -1   -7   -3    -5
    6    1    5    5    5    1     1
 
 
    1    1   -3    5   -1    3   -1     1
    2    1   -2    0    1   -7    4    -6
    3    1   -1   -3    1    1   -5    15
    4    1    0   -4    0    6    0   -20
    5    1    1   -3   -1    1    5    15
    6    1    2    0   -1   -7   -4    -6
    7    1    3    5    1    3    1     1
 
  
    1    1   -7    7   -7     7    -7    1
    2    1   -5    1    5   -13    23   -5
    3    1   -3   -3    7    -3   -17    9
    4    1   -1   -5    3     9   -15   -5
    5    1    1   -5   -3     9    15   -5
    6    1    3   -3   -7    -3    17    9
    7    1    5    1   -5   -13   -23   -5
    8    1    7    7    7     7     7    1
 
 
    1    1   -4    28   -14    14    -4     4
    2    1   -3     7     7   -21    11   -17
    3    1   -2    -8    13   -11    -4    22
    4    1   -1   -17     9     9    -9     1
    5    1    0   -20     0    18     0   -20
    6    1    1   -17    -9     9     9     1
    7    1    2    -8   -13   -11     4    22
    8    1    3     7    -7   -21   -11   -17
    9    1    4    28    14    14     4     4
 
 
    1    1   -9    6   -42    18    -6     3
    2    1   -7    2    14   -22    14   -11
    3    1   -5   -1    35   -17    -1    10
    4    1   -3   -3    31     3   -11     6
    5    1   -1   -4    12    18    -6    -8
    6    1    1   -4   -12    18     6    -8
    7    1    3   -3   -31     3    11     6
    8    1    5   -1   -35   -17     1    10
    9    1    7    2   -14   -22   -14   -11
   10    1    9    6    42    18     6     3
 
 
    1    1   -5    15   -30    6   -3    15
    2    1   -4     6     6   -6    6   -48
    3    1   -3    -1    22   -6    1    29
    4    1   -2    -6    23   -1   -4    36
    5    1   -1    -9    14    4   -4   -12
    6    1    0   -10     0    6    0   -40
    7    1    1    -9   -14    4    4   -12
    8    1    2    -6   -23   -1    4    36
    9    1    3    -1   -22   -6   -1    29
   10    1    4     6     6   -6   -6   -48
   11    1    5    15    30    6    3    15
 
 
    1    1   -11    55   -33    33   -33    11
    2    1    -9    25     3   -27    57   -31
    3    1    -7     1    21   -33    21    11
    4    1    -5   -17    25   -13   -29    25
    5    1    -3   -29    19    12   -44     4
    6    1    -1   -35     7    28   -20   -20
    7    1     1   -35    -7    28    20   -20
    8    1     3   -29   -19    12    44     4
    9    1     5   -17   -25   -13    29    25
   10    1     7     1   -21   -33   -21    11
   11    1     9    25    -3   -27   -57   -31
   12    1    11    55    33    33    33    11
 
