id rown column y 
    1    1    1    17
    2    1    1    21
    3    1    1    49
    4    1    1    54
    5    1    2    64
    6    1    2    48
    7    1    2    34
    8    1    2    63
    9    1    3    62
   10    1    3    72
   11    1    3    61
   12    1    3    91
   13    2    1    33
   14    2    1    37
   15    2    1    40
   16    2    1    16
   17    2    2    41
   18    2    2    64
   19    2    2    34
   20    2    2    64
   21    2    3    56
   22    2    3    62
   23    2    3    57
   24    2    3    72
 
