id t a 
    1     50    19
    2     60    20
    3     60    21
    4     70    17
    5     70    22
    6     80    25
    7     80    28
    8     90    21
    9     90    25
   10     90    31
   11     95    25
   12    100    30
   13    100    29
   14    100    33
   15    105    35
   16    105    32
   17    110    30
   18    110    28
   19    110    30
   20    115    31
   21    115    36
   22    115    30
   23    120    36
   24    120    25
   25    120    28
   26    125    28
   27    130    31
   28    130    32
   29    135    34
   30    135    25
   31    140    26
   32    140    33
   33    145    31
   34    150    36
   35    150    33
   36    155    41
   37    155    33
   38    160    40
   39    160    30
   40    160    37
   41    165    32
   42    170    35
   43    180    38
 
