id set1 set2 set3
    1     0.5   -19     0     0
    2     1.0   -19     0     2
    3     1.5   -18     0     2
    4     2.0   -28   -10    -8
    5     2.5   -27     0     2
    6     3.0   -27     0     2
    7     4.5   -45   -20   -15
    8     6.0   -23    19    25
    9     9.0   -19     2    10
   10    12.0    -5    12    20
   11    14.0    18    23    27
   12    16.0    -9   -25   -23
   13    18.0     4    13    16
   14    20.0    -3    -5    -4
   15    22.0    -9    -6    -5
   16    24.0    -6     4     4
   17    26.0     8    14    13
   18    28.0     3    -4    -7
   19    30.0     7     6     2
   20    32.0    22    17    11
   21    34.0    27     8     0
   22    36.0    33     9    -1
   23    40.0    26     1   -24
   24    42.0    14    -9   -24
   25    44.0     3    -9   -25
   26    46.0     3     1   -16
   27    48.0     4     2   -16
   28    50.0    -4    -6   -26
   29    52.0    -9    -5   -25
   30    54.0   -11    -3   -23
   31    56.0   -11     0   -21
   32    58.0   -17    -6   -27
   33    60.0   -17    -2   -23
   34    62.0   -11     5   -17
   35    64.0    -6     3   -20
   36    66.0   -12    -6   -31
   37    68.0    -7     5   -22
   38    70.0    -9    -2   -32
   39    72.0    -8     1   -31
   40    74.0     4    14   -20
   41    76.0     7     6   -29
   42    78.0     8     5   -27
   43    80.0    17    12   -17
   44    82.0    31    19    -6
   45    90.0    45    34   -16
   46   106.0   -11   -17    11
   47   120.0   -23    -4    47
   48   150.0   -36    -9    33
