id x1 x2 x3 y
    1   47.1   33.9      7.5   11.97
    2   72.9   33.9    750.0    8.63
    3   47.1    8.1    750.0    8.80
    4   60.0   21.0     75.0   10.73
    5   60.0   21.0     75.0   10.69
    6   72.9    8.1      7.5   13.12
    7   47.1    8.1      7.5   12.58
    8   72.9   33.9      7.5   12.24
    9   60.0   21.0     75.0   10.64
   10   72.9    8.1    750.0    9.09
   11   47.1   33.9    750.0    8.46
   12   60.0   21.0     75.0   10.65
   13   60.0   21.0   3000.0    7.60
   14   60.0   21.0      3.0   13.06
   15   39.0   21.0     75.0   10.51
   16   60.0    0.0     75.0   11.22
   17   60.0   21.0     75.0   10.67
   18   60.0   42.0     75.0   10.24
   19   81.0   21.0     75.0   10.74
   20   60.0   21.0     75.0   10.69
