id fat flour water rpm y
    1     8    10    46     90    833
    2     8    10    46    170    540
    3     8    10    54     90    673
    4     8    10    54    170    493
    5     8    20    50    130    537
    6     8    30    46     90    577
    7     8    30    46    170    547
    8     8    30    54     90    660
    9     8    30    54    170    512
   10    12    10    50    130    547
   11    12    20    46    130    653
   12    12    20    50     90    650
   13    12    20    50    130    492
   14    12    20    50    130    523
   15    12    20    50    130    530
   16    12    20    50    130    590
   17    12    20    50    170    553
   18    12    20    54    130    487
   19    12    30    50    130    595
   20    16    10    46     90    802
   21    16    10    46    170    477
   22    16    10    54     90    710
   23    16    10    54    170    520
   24    16    20    50    130    575
   25    16    30    46     90    568
   26    16    30    46    170    401
   27    16    30    54     90    572
   28    16    30    54    170    483
