id y tiller type nrate x
    1    370    1    w      0    4.2
    2    659    1    w     50    7.2
    3    935    1    w    270    9.8
    4    390    1    c      0    3.6
    5    753    1    c     50    7.6
    6    733    1    c    270   10.3
    7    182    2    w      0    3.1
    8    417    2    w     50    5.2
    9    686    2    w    270    7.8
   10    188    2    c      0    2.8
   11    632    2    c     50    6.0
   12    538    2    c    270    7.7
   13     27    3    w      0    2.0
   14    141    3    w     50    2.8
   15    262    3    w    270    3.6
   16     34    3    c      0    2.7
   17    222    3    c     50    3.1
   18    242    3    c    270    4.4
