id x1 x2 x3 x4 x5 y
    1     0    800    135    578   13.195    104
    2     0    800    135    578   13.195    102
    3     0    800    135    578   13.195    100
    4     0    800    135    578   13.195     96
    5     0    800    135    578   13.195     93
    6     0    800    135    578   13.195    103
    7     0    800    150    585   13.180    118
    8     0    800    150    585   13.180    113
    9     0    800    150    585   13.180    107
   10     0    800    150    585   13.180    114
   11     0    800    150    585   13.180    110
   12     0    800    150    585   13.180    114
   13     0   1000    135    590   13.440     97
   14     0   1000    135    590   13.440     87
   15     0   1000    135    590   13.440     92
   16     0   1000    135    590   13.440     85
   17     0   1000    135    590   13.440     94
   18     0   1000    135    590   13.440    102
   19     0   1000    150    590   13.600    104
   20     0   1000    150    590   13.600    102
   21     0   1000    150    590   13.600    101
   22     0   1000    150    590   13.600    104
   23     0   1000    150    590   13.600     98
   24     0   1000    150    590   13.600    101
   25    75    800    135    550   12.745    103
   26    75    800    135    550   12.745    111
   27    75    800    135    550   12.745    111
   28    75    800    135    550   13.745    107
   29    75    800    135    550   13.745    112
   30    75    800    135    550   13.745    106
   31    75    800    150    595   13.885    111
   32    75    800    150    595   13.885    107
   33    75    800    150    595   13.885    104
   34    75    800    150    595   13.885    103
   35    75    800    150    595   13.885    104
   36    75    800    150    595   13.885    103
   37    75   1000    135    530   11.705    116
   38    75   1000    135    530   11.705    108
   39    75   1000    135    530   11.705    104
   40    75   1000    135    530   11.705    116
   41    75   1000    135    530   11.705    116
   42    75   1000    135    530   11.705    112
   43    75   1000    150    590   13.835    111
   44    75   1000    150    590   13.835    110
   45    75   1000    150    590   13.835    115
   46    75   1000    150    590   13.835    114
   47    75   1000    150    590   13.835    114
   48    75   1000    150    590   13.835    114
