id x1 x2 x3 x4 x5 x6 x7 y
    1     1    201   4.46   4.42   4.23   4.10   4.56   4.37   4.11
    2     2    224   4.11   3.82   3.29   3.60   3.99   3.82   3.38
    3     3    301   3.58   3.31   3.24   3.76   4.39   3.75   3.17
    4     4    301   4.42   4.37   4.34   4.40   3.63   4.27   4.39
    5     5    301   4.62   4.47   4.53   4.67   4.63   4.57   4.69
    6     6    309   3.18   3.82   3.92   3.62   3.50   4.14   3.25
    7     7    311   2.47   2.79   3.58   3.50   2.84   3.84   2.84
    8     8    311   4.29   3.92   4.05   3.76   2.76   4.11   3.95
    9     9    312   4.41   4.36   4.27   4.75   4.59   4.41   4.18
   10    10    312   4.59   4.34   4.24   4.39   2.64   4.38   4.44
   11    11    333   4.55   4.45   4.43   4.57   4.45   4.40   4.47
   12     3    351   3.71   3.41   3.39   4.18   4.06   4.06   3.17
   13     4    411   4.28   4.45   4.10   4.07   3.76   4.43   4.15
   14     9    424   4.24   4.38   4.35   4.48   4.15   4.50   4.33
   15    12    424   4.67   4.64   4.52   4.39   3.48   4.21   4.61
