note Data for exercise 23e in order A, B, C, D and Y
 
    1     0    19   13.7   2000   39.7
    2    18    19   13.7   2000   41.1
    3     0     0   13.7   2000   40.6
    4    18     0   13.7   2000   40.4
    5    18     0   10.0   2000   41.0
    6     0    19   10.0   2000   37.6
    7     0     0   10.0   2000   38.7
    8    18    19   10.0   2000   39.0
    9     0    19   13.7   1700   38.9
   10    18     0   13.7   1700   40.0
   11    18    19   13.7   1700   41.0
   12     0     0   13.7   1700   42.9
   13    18     0   10.0   1700   40.2
   14     0    19   10.0   1700   35.4
   15    18    19   10.0   1700   39.4
   16     0     0   10.0   1700   39.0
 
note Data for exercise 23e in order A, B, C, D (coded) and Y
 
    1    -1    1    1    1   39.7
    2     1    1    1    1   41.1
    3    -1   -1    1    1   40.6
    4     1   -1    1    1   40.4
    5     1   -1   -1    1   41.0
    6    -1    1   -1    1   37.6
    7    -1   -1   -1    1   38.7
    8     1    1   -1    1   39.0
    9    -1    1    1   -1   38.9
   10     1   -1    1   -1   40.0
   11     1    1    1   -1   41.0
   12    -1   -1    1   -1   42.9
   13     1   -1   -1   -1   40.2
   14    -1    1   -1   -1   35.4
   15     1    1   -1   -1   39.4
   16    -1   -1   -1   -1   39.0
 
