note Data for exercise 24l in order t and Y
 
note Set 1
 
    1     1    82
    2     2   112
    3     3   153
    4     4   163
    5     5   176
    6     6   192
    7     7   200
 
 note Set 2
 
    1     1   0.47
    2     2   0.74
    3     3   1.17
    4     4   1.42
    5     5   1.60
    6     7   1.84
    7     9   2.19
    8    11   2.17
 
 note Set 3
 
    1    1    168
    2    2    336
    3    3    468
    4    5    660
    5    6    708
    6    7    696

note Set 4
 
    1    1     9
    2    2     9
    3    3    16
    4    4    20
    5    5    21
    6    7    22
 
note Set 5
 
    1    1    4.3
    2    2    8.2
    3    3    9.5
    4    4   10.4
    5    5   12.1
    6    7   13.1
 
note Set 6
 
    1    1    6.8
    2    2   12.7
    3    3   14.8
    4    4   15.4
    5    5   17.0
    6    7   19.9
 
note Set 7
 
    1     1    109
    2     2    149
    3     3    149
    4     5    191
    5     7    213
    6    10    224
 
note Set 8
 
    1    1    8.3
    2    2   10.3
    3    3   19.0
    4    4   16.0
    5    5   15.6
    6    7   19.8
 
note Set 9
 
    1    1   4710
    2    2   7080
    3    3   8460
    4    4   9580
 
