 
note Table 12.1 data
 
 
    1  -1.00000  -1.00000  -1.00000   52.8   6.95
    2   1.00000  -1.00000  -1.00000   67.9   5.90
    3  -1.00000   1.00000  -1.00000   55.4   7.10
    4   1.00000   1.00000  -1.00000   64.2   7.08
    5  -1.00000  -1.00000   1.00000   75.1   5.64
    6   1.00000  -1.00000   1.00000   81.6   5.18
    7  -1.00000   1.00000   1.00000   73.8   6.84
    8   1.00000   1.00000   1.00000   79.5   5.67
    9  -1.66667   0.00000   0.00000   68.1   6.00
   10   1.66667   0.00000   0.00000   91.2   5.67
   11   0.00000  -1.66667   0.00000   80.6   5.52
   12   0.00000   1.66667   0.00000   77.5   6.47
   13   0.00000   0.00000  -1.66667   36.8   7.17
   14   0.00000   0.00000   1.66667   78.0   5.36
   15   0.00000   0.00000   0.00000   74.6   6.48
   16   0.00000   0.00000   0.00000   75.9   5.91
   17   0.00000   0.00000   0.00000   76.9   6.39
   18   0.00000   0.00000   0.00000   72.3   5.99
   19   0.00000   0.00000   0.00000   75.9   5.86
   20   0.00000   0.00000   0.00000   79.8   5.96
 
