note Table 13.4 data in order p, f and ln(Y) 
 
    1     0     0   3.25810
    2     0    12   3.63759
    3     0    24   3.91202
    4     0    36   4.33073
    5     0    48   4.68213
    6     0    60   5.05625
    7    10     0   2.83321
    8    10    12   3.25810
    9    10    24   3.61092
   10    10    36   3.97029
   11    10    48   4.41884
   12    10    60   4.82028
   13    20     0   2.56495
   14    20    12   2.99573
   15    20    24   3.29584
   16    20    36   3.61092
   17    20    48   4.04305
   18    20    60   4.46591
   19    30    12   2.70805
   20    30    24   3.09104
   21    30    36   3.29584
   22    30    48   3.71357
   23    30    60   4.14313
 
