note Table 23.2 data, group number i and Y
 

    1    1    242
    2    1    245
    3    1    244
    4    1    248
    5    1    247
    6    1    248
    7    1    242
    8    1    244
    9    1    246
   10    1    242
   11    2    248
   12    2    246
   13    2    245
   14    2    247
   15    2    248
   16    2    250
   17    2    247
   18    2    246
   19    2    243
   20    2    244
   21    3    246
   22    3    248
   23    3    250
   24    3    252
   25    3    248
   26    3    250
   27    3    246
   28    3    248
   29    3    245
   30    3    250
 
