note Table 25.3 data in order X(diameter) and Y(height)
 
    1    58    5.5
    2    60    5.7
    3    42    5.8
    4    64    6.5
    5    60    6.6
    6    65    6.7
    7    56    6.9
    8    57    7.0
    9    70    7.3
   10    68    8.3
   11    65    8.6
   12    70    9.5
   13    63   10.0
   14    75   10.1
   15    72   10.2
   16    78   10.4
   17    65   10.6
   18    80   10.6
   19    82   10.8
   20    70   11.3
   21    74   11.3
   22    68   11.6
   23    68   11.6
   24    82   13.0
   25    88   18.0
 
