note Data for exercise 3hh in order X and Y
 
    1    100   2000
    2    100   2475
    3    100   2825
    4    155   2000
    5    160   1650
    6    205   2475
    7    230   2725
    8    250   2125
    9    250   3000
   10    290   2875
   11    290   2875
   12    300   2900
   13    300   3000
   14    330   3100
   15    350   2875
   16    350   3225
   17    350   3400
   18    350   3450
   19    360   2950
   20    390   2500
   21    400   2875
   22    400   3800
   23    440   3825
   24    440   3900
   25    450   3100
   26    460   3050
   27    500   3475
   28    550   3200
   29    600   3675
 
