note Data for exercise 3x in order X1=X2=X3, Y1, Y2, Y3, X4 and Y4
note Then each X and Y set is separately listed in order
 
    1    10    8.04   9.14    7.46     8    6.58
    2     8    6.95   8.14    6.77     8    5.76
    3    13    7.58   8.74   12.74     8    7.71
    4     9    8.81   8.77    7.11     8    8.84
    5    11    8.33   9.26    7.81     8    8.47
    6    14    9.96   8.10    8.84     8    7.04
    7     6    7.24   6.13    6.08     8    5.25
    8     4    4.26   3.10    5.39     8    5.56
    9    12   10.84   9.13    8.15     8    7.91
   10     7    4.82   7.26    6.42     8    6.89
   11     5    5.68   4.74    5.73    19   12.50
 
    1    10    8.04
    2     8    6.95
    3    13    7.58
    4     9    8.81
    5    11    8.33
    6    14    9.96
    7     6    7.24
    8     4    4.26
    9    12   10.84
   10     7    4.82
   11     5    5.68
 
    1    10   9.14
    2     8   8.14
    3    13   8.74
    4     9   8.77
    5    11   9.26
    6    14   8.10
    7     6   6.13
    8     4   3.10
    9    12   9.13
   10     7   7.26
   11     5   4.74
 
    1    10    7.46
    2     8    6.77
    3    13   12.74
    4     9    7.11
    5    11    7.81
    6    14    8.84
    7     6    6.08
    8     4    5.39
    9    12    8.15
   10     7    6.42
   11     5    5.73
 
    1     8    6.58
    2     8    5.76
    3     8    7.71
    4     8    8.84
    5     8    8.47
    6     8    7.04
    7     8    5.25
    8     8    5.56
    9     8    7.91
   10     8    6.89
   11    19   12.50
 
