note Data for exercise 7c in order Y, X1, X2, ..., and  X6
 
    1    968    158      64.0    66.0   -1    62   119.0
    2     43     11       0.4     5.9    1    30     6.2
    3    588     91      12.0    33.0    1    64    65.0
    4    640     92      34.0    73.0   -1    51    74.0
    5   4743    952     100.0   118.0   -1    65   105.0
    6    566    109      17.0    73.0   -1    42    78.0
    7    325    167     518.0     5.1   -1    37    95.0
    8    118     30     226.0     3.4   -1    41    20.0
    9    115     35   12524.0     0.0   -1    44    23.0
   10   1545    298      91.0    57.0   -1    67   216.0
   11   1302    203      68.0    83.0   -1    54   162.0
   12    262     41       8.1    40.0    1    36    29.0
   13   2207    544     180.0   102.0   -1    33   350.0
   14   1410    254     129.0    89.0   -1    37   196.0
   15    833    150      49.0   100.0   -1    30   109.0
   16    669    136      27.0   124.0   -1    42    94.0
   17    911    147      76.0    65.0   -1    44   104.0
   18   1037    146      72.0    40.0   -1    65   109.0
   19    196     46      31.0    19.0   -1    30    37.0
   20    616    157     314.0    29.0   -1    44   113.0
   21    766    255     655.0    17.0   -1    37   166.0
   22   2120    403     137.0    95.0   -1    33   306.0
   23    841    189      43.0   110.0   -1    22   132.0
   24    648     85      46.0    59.0   -1    57    77.0
   25   1289    234      63.0   100.0   -1    40   180.0
   26    259     38       4.6    72.0    1    29    31.0
   27    450     89      18.4    97.0   -1    32    61.0
   28    215     23       2.6    44.0    1    40    24.0
   29    158     37      67.0    13.0   -1    32    23.0
   30   1071    329     807.0    21.0   -1    43   231.0
   31    387     54       7.8    62.0    1    46    48.0
   32   2745    744     350.0    84.0   -1    31   439.0
   33   1580    226      93.0    71.0   -1    51   177.0
   34    185     38       9.1   102.0    1    20    24.0
   35   2096    530     237.0    84.0   -1    41   358.0
   36    785    137      34.0    94.0   -1    46   107.0
   37    575    108      18.0    73.0   -1    45    81.0
   38   1889    570     252.0    89.0   -1    39   353.0
   39    100     46     812.0     1.3   -1    38    27.0
   40    870    122      79.0    52.0   -1    61    86.0
   41    270     40       9.0    87.0    1    23    28.0
   42   1059    177      85.0    67.0   -1    49   135.0
   43   3006    515      37.0   196.0   -1    50   448.0
   44    295     57      10.8    32.0   -1    37    38.0
   45    131     20      42.0    13.0   -1    25    15.0
   46   1050    208     100.0    50.0   -1    50   150.0
   47    730    160      43.0    59.0    1    46   109.0
   48    467     88      77.0    32.0   -1    43    54.0
   49   1059    207      72.0    87.0   -1    26   141.0
   50    148     22       3.4    67.0    1    37    20.0
 
