note Data for exercise 12c in order T and Y
 
    1   1520   1953
    2   1520   2135
    3   1520   2471
    4   1520   4727
    5   1520   6143
    6   1520   6314
    7   1620   1190
    8   1620   1286
    9   1620   1550
   10   1620   2125
   11   1620   2557
   12   1620   2845
   13   1660    651
   14   1660    837
   15   1660    848
   16   1660   1038
   17   1660   1361
   18   1660   1543
   19   1708    511
   20   1708    651
   21   1708    651
   22   1708    652
   23   1708    688
   24   1708    729
 
