
note Data for exercise 12d in order shown
 
 
  ROW      X1       X2       X3     Y1     Y2     Y3
 
    1  -1.0000  -1.0000   1.0000   85.3   72.7   97.1
    2   1.0000   1.0000  -1.0000   72.3   57.6   96.9
    3   0.0000   1.2154   0.0000   71.4   56.5   96.4
    4   0.0000  -1.2154   0.0000   72.0   64.6   96.8
    5  -1.0000  -1.0000  -1.0000   87.0   79.2   97.0
    6   1.0000   1.0000   1.0000   55.6   32.6   96.2
    7   0.0000   0.0000  -1.2154   85.0   75.9   97.2
    8   1.2154   0.0000   0.0000   70.9   53.4   97.9
    9   0.0000   0.0000   0.0000   75.9   59.3   97.4
   10   1.0000  -1.0000   1.0000   76.1   63.2   97.4
   11  -1.0000   1.0000  -1.0000   85.0   75.3   97.2
   12   0.0000   0.0000   1.2154   68.0   57.2   95.5
   13  -1.2154   0.0000   0.0000   89.6   83.6   97.2
   14  -1.0000   1.0000   1.0000   75.0   61.5   96.5
   15   1.0000  -1.0000  -1.0000   74.2   61.0   98.2
 
 
 
note Data for exercise 12d in order shown, squares and cross products
 
 
   ROW    X1**2     X2**2     X3**2   X1X2  X1X3  X2X3
 
    1   1.00000   1.00000   1.00000     1    -1    -1
    2   1.00000   1.00000   1.00000     1    -1    -1
    3   0.00000   1.47720   0.00000     0     0     0
    4   0.00000   1.47720   0.00000     0     0     0
    5   1.00000   1.00000   1.00000     1     1     1
    6   1.00000   1.00000   1.00000     1     1     1
    7   0.00000   0.00000   1.47720     0     0     0
    8   1.47720   0.00000   0.00000     0     0     0
    9   0.00000   0.00000   0.00000     0     0     0
   10   1.00000   1.00000   1.00000    -1     1    -1
   11   1.00000   1.00000   1.00000    -1     1    -1
   12   0.00000   0.00000   1.47720     0     0     0
   13   1.47720   0.00000   0.00000     0     0     0
   14   1.00000   1.00000   1.00000    -1    -1     1
   15   1.00000   1.00000   1.00000    -1    -1     1
 
 
