note Data for exercise 14r in order Boot, Subject,
note  Temperature and Drop
 
    1   -1    1    20    4.5
    2   -1    1     0   10.3
    3   -1    1    -5    8.4
    4   -1    1   -22   12.6
    5   -1    2    20    2.1
    6   -1    2     0    7.6
    7   -1    2    -5    7.3
    8   -1    2   -22   13.6
    9   -1    3    20    7.9
   10   -1    3     0   11.9
   11   -1    3    -5   11.9
   12   -1    3   -22   14.5
   13   -1    4    20    7.9
   14   -1    4     0   15.2
   15   -1    4    -5   10.8
   16   -1    4   -22   16.5
   17   -1    5    20    5.0
   18   -1    5     0    5.9
   19   -1    5    -5   14.1
   20   -1    5   -22   12.3
   21   -1    6    20    5.3
   22   -1    6     0   10.2
   23   -1    6    -5   12.8
   24   -1    6   -22   10.2
   25    1    1    20    8.3
   26    1    1     0    9.0
   27    1    1    -5    9.9
   28    1    1   -22    8.6
   29    1    2    20   11.6
   30    1    2     0   10.6
   31    1    2    -5   11.2
   32    1    2   -22   17.0
   33    1    3    20   11.3
   34    1    3     0   12.0
   35    1    3    -5   15.1
   36    1    3   -22   16.0
   37    1    4    20    5.9
   38    1    4     0   18.2
   39    1    4    -5   15.3
   40    1    4   -22    9.0
   41    1    5    20    8.6
   42    1    5     0   11.3
   43    1    5    -5   15.6
   44    1    5   -22   16.1
   45    1    6    20    6.0
   46    1    6     0   10.1
   47    1    6    -5   13.3
   48    1    6   -22   13.0
 
