note Data for exercise 15A in order X1, X2, ..., X5 and X6=Y
 
    1   58.8    7107    21    129    52   3067
    2   65.2    6373    22    141    68   2828
    3   70.9    6796    22    153    29   2891
    4   77.4    9208    20    166    23   2994
    5   79.3   14792    25    193    40   3082
    6   81.0   14564    23    189    14   3898
    7   71.9   11964    20    175    96   3502
    8   63.9   13526    23    186    94   3060
    9   54.5   12656    20    190    54   3211
   10   39.5   14119    20    187    37   3286
   11   44.5   16691    22    195    42   3542
   12   43.6   14571    19    206    22   3125
   13   56.0   13619    22    198    28   3022
   14   64.7   14575    22    192     7   2922
   15   73.0   14556    21    191    42   3950
   16   78.9   18573    21    200    33   4488
   17   79.4   15618    22    200    92   3295
 
