note Data for exercise 15j in order X1, X2, ... , X6 and Y
 
    1    149    66   -15    150    105    383    267
    2    143    66     5    115    105    383    269
    3    149    73     5    150    105    383    230
    4    143    73   -15    115    105    383    233
    5    149    73   -15    115     78    383    222
    6    143    66   -15    150     78    383    267
    7    143    73     5    150     78    383    231
    8    149    66     5    115     78    383    260
    9    149    73   -15    150     78    196    238
   10    149    66     5    150     78    196    262
   11    143    73     5    115     78    196    252
   12    143    66   -15    115     78    196    263
   13    143    66     5    150    105    196    263
   14    149    73     5    115    105    196    236
   15    149    66   -15    115    105    196    268
   16    143    73   -15    150    105    196    242
 
