note Also see file 22.2 for orthogonal polynomials
note Data for exercise 22f in order Y, X1, X2, ... , X6
 
    1      2   -11    55   -33    33   -33    11
    2     72    -9    25     3   -27    57   -31
    3    106    -7     1    21   -33    21    11
    4    116    -5   -17    25   -13   -29    25
    5    103    -3   -29    19    12   -44     4
    6     82    -1   -35     7    28   -20   -20
    7     54     1   -35    -7    28    20   -20
    8     30     3   -29   -19    12    44     4
    9     14     5   -17   -25   -13    29    25
   10     23     7     1   -21   -33   -21    11
   11     64     9    25    -3   -27   -57   -31
   12    129    11    55    33    33    33    11
 
