note Data for exercise 22g in order Age, n, Weight, sd,
note Dummy Z1 and Dummy Z2
 
    1    16    19   103.82   12.70    1    0
    2    17    19   105.39   12.50    1    0
    3    18    16   107.50   15.30    1    0
    4    19     8   103.12    7.68    1    0
    5    20     6   105.83   16.75    1    0
    6    21     6   107.50    5.77    1    0
    7    22     1   102.50    0.00    1    0
    8    23     1   117.50    0.00    1    0
    9    16    12    99.17    9.20    0    1
   10    17    29   107.67   19.55    0    1
   11    18    28   103.57   13.05    0    1
   12    19    32   112.19   17.60    0    1
   13    20    22   110.00   12.04    0    1
   14    21     8   113.13   14.87    0    1
   15    22     4   112.00   11.18    0    1
   16    23     7   113.21    7.28    0    1
   17    16    18   100.83   16.75    0    0
   18    17    33    99.32   14.50    0    0
   19    18    24   100.83   19.67    0    0
   20    19    18    96.39   13.29    0    0
   21    20     6   101.67   18.12    0    0
   22    21     4   100.00   15.21    0    0
   23    22     0     0.00    0.00    0    0
   24    23     1   112.50    0.00    0    0
 
