note Data for exercise 23d in order %Coal and Breaking Strength
 
    1   0.00   1690
    2   0.05   1550
    3   0.10   1625
    4   0.50   1725
    5   1.00   1530
    6   0.00   1580
    7   0.05   1445
    8   0.10   1450
    9   0.50   1550
   10   1.00   1545
   11   0.00   1745
   12   0.05   1645
   13   0.10   1510
   14   0.50   1430
   15   1.00   1565
   16   0.00   1685
   17   0.05   1545
   18   0.50   1445
   19   1.00   1520
 
note Data for exercise 23d in order %Coal and (Breaking Strength-1430)
 
    1   0.00    260
    2   0.05    120
    3   0.10    195
    4   0.50    295
    5   1.00    100
    6   0.00    150
    7   0.05     15
    8   0.10     20
    9   0.50    120
   10   1.00    115
   11   0.00    315
   12   0.05    215
   13   0.10     80
   14   0.50      0
   15   1.00    135
   16   0.00    255
   17   0.05    115
   18   0.50     15
   19   1.00     90
 
