note Data for exercise 24h in order X1, X2 and Y
 
    1   120.0    600   0.900
    2    60.0    600   0.949
    3    60.0    612   0.886
    4   120.0    612   0.785
    5   120.0    612   0.791
    6    60.0    612   0.890
    7    60.0    620   0.787
    8    30.0    620   0.877
    9    15.0    620   0.938
   10    60.0    620   0.782
   11    45.1    620   0.827
   12    90.0    620   0.696
   13   150.0    620   0.582
   14    60.0    620   0.795
   15    60.0    620   0.800
   16    60.0    620   0.790
   17    30.0    620   0.883
   18    90.0    620   0.712
   19   150.0    620   0.576
   20    60.0    620   0.802
   21    60.0    620   0.802
   22    60.0    620   0.804
   23    60.0    620   0.794
   24    60.0    620   0.804
   25    60.0    620   0.799
   26    30.0    631   0.764
   27    45.1    631   0.688
   28    40.0    631   0.717
   29    30.0    631   0.802
   30    45.0    631   0.695
   31    15.0    639   0.808
   32    30.0    639   0.655
   33    90.0    639   0.309
   34    25.0    639   0.689
   35    60.1    639   0.437
   36    60.0    639   0.425
   37    30.0    639   0.638
   38    30.0    639   0.659
 
